--------------------------------------------------------------
--------------------------------------------------------------
The following data gives the positions of possible binding sites for adatoms and admolecules across a cluster or surface.

The following sites are binding sites for top sites.
Site		Binding Position			Surface Position		Indices of atoms involved
Site 1	[10.61849529 17.46226794 15.81390956]	[10.57543066 16.56932871 15.17296888]	[11]
Site 2	[12.45278169 17.07650181 13.52642409]	[12.07859524 16.10132095 13.18145048]	[25]
Site 3	[ 9.40289973 17.52824178 13.16898515]	[ 9.56658414 16.47735162 12.88820535]	[28]
Site 4	[ 7.94855259 16.21888859 15.5887261 ]	[ 8.34593954 15.4415236  14.919557  ]	[13]
Site 5	[10.02982914 14.97911869 17.38147401]	[10.07931587 14.42090635 16.43492763]	[3]
Site 6	[12.79499306 15.55836396 16.23795882]	[12.38617115 14.89318976 15.46309888]	[8]
Site 7	[14.87901035 13.44238957 16.59510035]	[14.16801277 13.14692122 15.80949174]	[6]
Site 8	[14.80720698 14.95754396 14.03361654]	[14.00529414 14.34735218 13.59247961]	[23]
Site 9	[15.52532698 11.89768066 14.19791975]	[14.54540472 11.83270493 13.70240939]	[22]
Site 10	[15.44725441 13.31476841 11.45465059]	[14.40746522 12.95663004 11.47863712]	[59]
Site 11	[12.76246832 14.78264743 12.30829152]	[12.111938   13.91778389 12.11126012]	[34]
Site 12	[13.78598512 15.13972809  9.45094662]	[13.0841789  14.4107154   9.88223368]	[62]
Site 13	[11.14316795 16.86099591 10.54080595]	[10.98026813 15.79311671 10.74840574]	[66]
Site 14	[12.17779608 12.91455916 17.79702338]	[11.87194859 12.68883398 16.76479014]	[1]
Site 15	[ 9.44556208 12.35364444 18.72744674]	[ 9.58021319 12.23229906 17.64248389]	[0]
Site 16	[ 7.35020662 13.55605385 17.08995088]	[ 7.84861951 13.22148177 16.16818838]	[4]
Site 17	[ 6.52234284 16.1650427  12.91985115]	[ 7.20596662 15.33784253 12.67819352]	[30]
Site 18	[ 5.33356392 14.75017778 15.24364156]	[ 6.12172686 14.24626176 14.66496391]	[15]
Site 19	[ 5.60521456 11.78188532 15.32716563]	[ 6.46604582 11.74029255 14.64361637]	[14]
Site 20	[ 6.16729951  8.76594303 15.26701598]	[ 6.90325816  9.25834891 14.61440483]	[16]
Site 21	[ 7.86605662 10.46448108 17.0975143 ]	[ 8.30753126 10.65931336 16.10901012]	[5]
Site 22	[ 9.30973991  7.97321553 15.43236766]	[ 9.51972019  8.70752459 14.64072475]	[12]
Site 23	[ 9.53427197  5.89606545 12.08176193]	[ 9.6875407   6.98095064 11.98412574]	[29]
Site 24	[10.86352489 10.07690638 17.57614847]	[10.76956993 10.33865407 16.51188318]	[2]
Site 25	[13.78023232 10.67181218 16.564842  ]	[13.1617567  10.83000882 15.66903972]	[7]
Site 26	[12.46882386  7.91226233 16.28416849]	[12.09751692  8.54542398 15.46487765]	[10]
Site 27	[14.36606571  9.04451484 14.04700575]	[13.53775682  9.55986098 13.53875116]	[24]
Site 28	[12.04409887  6.92174928 13.57660469]	[11.69098251  7.87787313 13.1629188 ]	[26]
Site 29	[15.54557091 10.00402485 11.02890477]	[14.49640615 10.31591361 11.13835202]	[70]
Site 30	[14.81502439  7.00967304 12.04445518]	[14.044693    7.7907054  11.96335033]	[35]
Site 31	[14.02909908 13.24935383  6.9750504 ]	[13.36677465 12.94540835  7.79903068]	[47]
Site 32	[15.14946634 10.35454517  7.8092977 ]	[14.29892351 10.56627962  8.47393702]	[50]
Site 33	[14.53019127  7.61280187  9.12729326]	[13.79212235  8.30584072  9.55735304]	[60]
Site 34	[13.73784539 11.96581224  9.31052569]	[12.82629279 11.85539075  9.91623103]	[63]
Site 35	[11.6166146  15.25129965  7.25214368]	[11.37451553 14.55356919  8.06734933]	[48]
Site 36	[11.83969156 13.44037553  4.96684427]	[11.60412404 13.14525323  6.        ]	[39]
Site 37	[13.0085435  10.75028341  5.56719935]	[12.56426374 10.88367337  6.5646073 ]	[41]
Site 38	[13.97806945  8.09181408  6.30854563]	[13.42726588  8.61497099  7.10410975]	[44]
Site 39	[12.0011734   6.43625761  7.74927786]	[11.72330968  7.28888043  8.38632266]	[54]
Site 40	[9.89074359 4.9607786  9.32841222]	[9.96054056 6.         9.68217382]	[68]
Site 41	[12.37589498  5.8388711  10.69192032]	[12.00952853  6.8639649  10.84990234]	[76]
Site 42	[7.42074571 6.55902182 9.81297499]	[ 7.95090544  7.46806211 10.1332505 ]	[71]
Site 43	[ 7.04839923  7.63988931 12.70278667]	[ 7.7389368   8.46252024 12.46522361]	[32]
Site 44	[ 5.35039879 10.31545217 12.59754886]	[ 6.39729467 10.57553623 12.38222285]	[31]
Site 45	[ 5.07023728  8.46502676 10.33370936]	[ 6.          9.01059461 10.55256321]	[74]
Site 46	[8.12860708 8.8187129  5.2269323 ]	[8.46300136 9.2334555  6.18930907]	[42]
Site 47	[6.50636279 8.70600731 7.68896108]	[7.19075771 9.21519935 8.38345878]	[56]
Site 48	[8.96357005 6.82876367 7.19462781]	[9.19240581 7.61796688 7.92592288]	[52]
Site 49	[11.07471191  8.396449    5.65192383]	[10.95393632  8.91087451  6.61669305]	[43]
Site 50	[ 9.9541171  11.10585558  4.96510536]	[10.01703213 11.18007407  6.06079387]	[40]
Site 51	[ 7.1140915  11.35184118  6.27321068]	[ 7.68491673 11.38758371  7.21282817]	[46]
Site 52	[ 5.50509832 11.483006    9.23679998]	[ 6.49522977 11.49744688  9.71578971]	[61]
Site 53	[ 6.32383887 14.02616803  7.35282517]	[ 7.02123607 13.59608882  8.08676592]	[53]
Site 54	[ 9.07180853 13.79992529  6.00897234]	[ 9.29816955 13.39688713  7.00713111]	[45]
Site 55	[ 8.80050065 15.6245582   8.44673501]	[ 9.11530105 14.78856734  9.08862284]	[57]
Site 56	[ 6.28819337 14.73119888 10.18125279]	[ 7.12321268 14.07525736 10.46845215]	[72]
Site 57	[ 7.94845103 17.40573274 10.55787648]	[ 8.35834669 16.39996292 10.73226859]	[73]
Site 58	[ 5.01227911 13.3961444  12.66578124]	[ 6.03267024 13.04278878 12.45615837]	[77]
--------------------------------------------------------------
The following sites are binding sites for bridge sites.
Site		Binding Position			Surface Position		Indices of atoms involved
Site 1	[11.06968615 12.69392725 18.22220375]	[10.72608089 12.46056652 17.20363701]	[0, 1]
Site 2	[10.38672662 10.83332872 18.05733058]	[10.17489156 11.28547656 17.07718354]	[0, 2]
Site 3	[ 9.77611969 13.86672517 17.99546589]	[ 9.82976453 13.3266027  17.03870576]	[0, 3]
Site 4	[ 8.16856513 13.08865329 17.78917665]	[ 8.71441635 12.72689041 16.90533613]	[0, 4]
Site 5	[ 8.35859416 11.08306646 17.73357535]	[ 8.94387222 11.44580621 16.87574701]	[0, 5]
Site 6	[11.45447754 11.33511009 17.7154668 ]	[11.32075926 11.51374403 16.63833666]	[1, 2]
Site 7	[11.14307106 13.92298085 17.62282456]	[10.97563223 13.55487017 16.59985888]	[1, 3]
Site 8	[13.39140362 13.15703339 17.29453833]	[13.01998068 12.9178776  16.28714094]	[1, 6]
Site 9	[13.1133105  11.63353881 17.13255219]	[12.51685265 11.7594214  16.21691493]	[1, 7]
Site 10	[12.49761176 14.25291295 17.0417467 ]	[12.12905987 13.79101187 16.11394451]	[1, 8]
Site 11	[ 9.33549487 10.26637734 17.3662225 ]	[ 9.5385506  10.49898372 16.31044665]	[2, 5]
Site 12	[12.3627525  10.37297538 17.09427856]	[11.96566332 10.58433145 16.09046145]	[2, 7]
Site 13	[11.64512293  9.01890112 16.98145062]	[11.43354342  9.44203902 15.98838042]	[2, 10]
Site 14	[ 9.93124664  8.78430844 16.36285588]	[10.14464506  9.52308933 15.57630397]	[2, 12]
Site 15	[ 8.62060691 14.24759955 17.25564487]	[ 8.96396769 13.82119406 16.30155801]	[3, 4]
Site 16	[11.46612838 15.29595361 16.81349645]	[11.23274351 14.65704805 15.94901326]	[3, 8]
Site 17	[10.27940555 16.05992727 16.74665131]	[10.32737327 15.49511753 15.80394825]	[3, 11]
Site 18	[ 8.93925649 15.64348896 16.46966515]	[ 9.2126277  14.93121497 15.67724232]	[3, 13]
Site 19	[ 7.61889247 11.83519409 17.13262303]	[ 8.07807538 11.94039757 16.13859925]	[4, 5]
Site 20	[ 7.6349353  14.89747495 16.3660121 ]	[ 8.09727952 14.33150269 15.54387269]	[4, 13]
Site 21	[ 6.31468279 12.54242126 16.11028491]	[ 7.15733267 12.48088716 15.40590238]	[4, 14]
Site 22	[ 6.43559844 14.09888926 16.29676353]	[ 6.98517318 13.73387176 15.41657615]	[4, 15]
Site 23	[ 8.70098098  8.95338419 16.16974568]	[ 8.91362572  9.68341898 15.37486744]	[5, 12]
Site 24	[ 6.68113247 11.13859033 16.21792035]	[ 7.38678854 11.19980295 15.37631325]	[5, 14]
Site 25	[ 7.01723421  9.62348052 16.22866029]	[ 7.60539471  9.95883114 15.36170748]	[5, 16]
Site 26	[14.22868702 11.68929131 16.6351575 ]	[13.66488473 11.98846502 15.73926573]	[6, 7]
Site 27	[13.73297963 14.6409919  16.42153693]	[13.27709196 14.02005549 15.63629531]	[6, 8]
Site 28	[15.42316828 12.3928174  15.00745784]	[14.35670874 12.48981308 14.75595057]	[6, 22]
Site 29	[14.88633379 14.43436441 15.01440143]	[14.08665346 13.7471367  14.70098568]	[6, 23]
Site 30	[13.17646103  9.35310499 16.46083702]	[12.62963681  9.6877164  15.56695869]	[7, 10]
Site 31	[14.75346721 11.33035565 15.31834078]	[13.85358071 11.33135688 14.68572456]	[7, 22]
Site 32	[14.18578797  9.65554722 15.0730572 ]	[13.34975676 10.1949349  14.60389544]	[7, 24]
Site 33	[11.9342633  16.35668357 16.10111514]	[11.4808009  15.73125923 15.31803388]	[8, 11]
Site 34	[13.96326838 15.24316719 15.0103752 ]	[13.19573264 14.62027097 14.52778925]	[8, 23]
Site 35	[12.62093768 16.4274602  14.76243868]	[12.2323832  15.49725536 14.32227468]	[8, 25]
Site 36	[10.51704549  7.89505957 15.82092727]	[10.80861856  8.62647429 15.0528012 ]	[10, 12]
Site 37	[13.71643113  8.5805333  14.92523122]	[12.81763687  9.05264248 14.50181441]	[10, 24]
Site 38	[12.22070453  7.18875254 14.5528773 ]	[11.89424972  8.21164856 14.31389823]	[10, 26]
Site 39	[ 9.00585708 16.75538598 15.71010911]	[ 9.4606851  16.00542616 15.04626294]	[11, 13]
Site 40	[11.84810193 17.28918762 14.34636067]	[11.32701295 16.33532483 14.17720968]	[11, 25]
Site 41	[ 9.80901717 17.58920365 14.10336179]	[10.0710074  16.52334017 14.03058711]	[11, 28]
Site 42	[ 8.04677326  8.23840473 15.4203704 ]	[ 8.21148918  8.98293675 14.62756479]	[12, 16]
Site 43	[10.69129993  7.39518832 14.53197071]	[10.60535135  8.29269886 13.90182178]	[12, 26]
Site 44	[ 9.40178272  6.93179457 13.89268828]	[ 9.60363045  7.84423762 13.31242525]	[12, 29]
Site 45	[ 8.12069164  7.75363373 14.06295595]	[ 8.62932849  8.58502242 13.55297418]	[12, 32]
Site 46	[ 6.76055973 15.58344712 15.45488512]	[ 7.2338332  14.84389268 14.79226046]	[13, 15]
Site 47	[ 8.73307874 16.96735852 14.28372948]	[ 8.95626184 15.95943761 13.90388118]	[13, 28]
Site 48	[ 7.11867848 16.2206216  14.09473207]	[ 7.77595308 15.38968306 13.79887526]	[13, 30]
Site 49	[ 5.44590347 12.87088778 15.34417846]	[ 6.29388634 12.99327715 14.65429014]	[14, 15]
Site 50	[ 5.84445256 10.34316201 15.32159949]	[ 6.68465199 10.49932073 14.6290106 ]	[14, 16]
Site 51	[ 5.38274451 10.87745452 13.6892632 ]	[ 6.43167024 11.15791439 13.51291961]	[14, 31]
Site 52	[ 5.24548007 12.66151725 13.90952841]	[ 6.24935803 12.39154066 13.54988737]	[14, 77]
Site 53	[ 6.03067688 15.68020145 13.81401025]	[ 6.66384674 14.79205214 13.67157872]	[15, 30]
Site 54	[ 4.99995263 13.8553324  13.48913575]	[ 6.07719855 13.64452527 13.56056114]	[15, 77]
Site 55	[ 5.5765875   9.71124898 13.62030676]	[ 6.65027642  9.91694257 13.49831384]	[16, 31]
Site 56	[ 6.68300136  7.9682099  13.62208494]	[ 7.32109748  8.86043457 13.53981422]	[16, 32]
Site 57	[15.23160796 13.3170154  14.14145522]	[14.27534943 13.09002856 13.6474445 ]	[22, 23]
Site 58	[14.91477548 10.27192068 14.1377337 ]	[14.04158077 10.69628296 13.62058028]	[22, 24]
Site 59	[15.52999111 12.69839139 12.67867793]	[14.47643497 12.39466749 12.59052326]	[22, 59]
Site 60	[15.59898775 10.87785004 12.51599602]	[14.52090543 11.07430927 12.4203807 ]	[22, 70]
Site 61	[13.67865863 16.02055497 13.80004084]	[13.04194469 15.22433657 13.38696505]	[23, 25]
Site 62	[13.12754619 15.16025382 12.4657215 ]	[13.05861607 14.13256804 12.85186987]	[23, 34]
Site 63	[15.2480134  14.00396315 12.50216877]	[14.20637968 13.65199111 12.53555837]	[23, 59]
Site 64	[13.22509123  7.94077977 13.83208269]	[12.61436966  8.71886706 13.35083498]	[24, 26]
Site 65	[14.58968113  8.31271582 13.41513852]	[13.79122491  8.67528319 12.75105075]	[24, 35]
Site 66	[14.99082693  9.49026417 12.58644944]	[14.01708149  9.93788729 12.33855159]	[24, 70]
Site 67	[10.94109192 17.33378083 13.35900813]	[10.82258969 16.28933629 13.03482791]	[25, 28]
Site 68	[13.14656195 15.16481321 12.36232676]	[12.09526662 15.00955242 12.6463553 ]	[25, 34]
Site 69	[11.69188401 17.01497296 11.75633674]	[11.52943168 15.94721883 11.96492811]	[25, 66]
Site 70	[10.93532041  6.41681239 12.92579678]	[10.6892616   7.42941189 12.57352227]	[26, 29]
Site 71	[13.08228465  6.8733904  13.05373206]	[12.86783776  7.83428927 12.56313457]	[26, 35]
Site 72	[12.19757101  6.4334265  12.46519128]	[11.85025552  7.37091902 12.00641057]	[26, 76]
Site 73	[ 7.90320336 16.8591794  13.0499062 ]	[ 8.38627538 15.90759707 12.78319944]	[28, 30]
Site 74	[10.44762875 17.19785497 11.59360469]	[10.27342613 16.13523416 11.81830555]	[28, 66]
Site 75	[ 8.69785366 17.50065653 11.92041047]	[ 8.96246542 16.43865727 11.81023697]	[28, 73]
Site 76	[ 8.09579934  6.83829495 12.44445063]	[ 8.71323875  7.72173544 12.22467467]	[29, 32]
Site 77	[ 9.62809699  5.48652434 11.23773415]	[ 9.82404063  6.49047532 10.83314978]	[29, 68]
Site 78	[ 8.54744631  6.15891255 11.03324833]	[ 8.81922307  7.22450638 11.05868812]	[29, 71]
Site 79	[10.81288849  5.823776   11.45735903]	[10.84853461  6.92245777 11.41701404]	[29, 76]
Site 80	[ 6.32715514 15.33888333 11.2433866 ]	[ 7.16458965 14.70654995 11.57332284]	[30, 72]
Site 81	[ 7.16264612 16.76928547 11.82980075]	[ 7.78215665 15.86890272 11.70523106]	[30, 73]
Site 82	[ 5.6515573  14.66353839 12.78965881]	[ 6.61931843 14.19031565 12.56717595]	[30, 77]
Site 83	[ 6.15722055  8.9499976  12.66136602]	[ 7.06811573  9.51902824 12.42372323]	[31, 32]
Site 84	[ 5.36234964 10.87524221 10.95344394]	[ 6.44626222 11.03649156 11.04900628]	[31, 61]
Site 85	[ 5.16711504  9.64380244 11.81904867]	[ 6.19864734  9.79306542 11.46739303]	[31, 74]
Site 86	[ 5.14957321 11.64514487 12.63828272]	[ 6.21498245 11.8091625  12.41919061]	[31, 77]
Site 87	[ 7.14991326  7.16003426 11.57946087]	[ 7.84492112  7.96529117 11.29923705]	[32, 71]
Site 88	[ 6.24932304  7.88632048 11.82907597]	[ 6.8694684   8.73655743 11.50889341]	[32, 74]
Site 89	[13.73175919 14.39795781 12.04816681]	[13.25970161 13.43720696 11.79494862]	[34, 59]
Site 90	[13.16556114 15.00136068 11.42939665]	[12.59805845 14.16424964 10.9967469 ]	[34, 62]
Site 91	[13.37995997 13.45550302 10.77563408]	[12.46911539 12.88658732 11.01374558]	[34, 63]
Site 92	[12.32011729 15.56333672 11.76119193]	[11.54610307 14.8554503  11.42983293]	[34, 66]
Site 93	[14.68943332  7.30159264 10.51954513]	[13.91840768  8.04827306 10.76035168]	[35, 60]
Site 94	[15.33664092  8.81843172 11.41564142]	[14.27054958  9.0533095  11.55085118]	[35, 70]
Site 95	[13.52226072  6.34930428 11.31562003]	[13.02711076  7.32733515 11.40662634]	[35, 76]
Site 96	[10.79214482 12.14353132  4.93071781]	[10.81057808 12.16266365  6.03039694]	[39, 40]
Site 97	[12.50427653 11.93969148  5.26843001]	[12.08419389 12.0144633   6.28230365]	[39, 41]
Site 98	[10.08360601 13.69313069  5.55658155]	[10.45114679 13.27107018  6.50356555]	[39, 45]
Site 99	[13.25860104 13.34022179  6.17475624]	[12.48544934 13.04533079  6.89951534]	[39, 47]
Site 100	[11.71239055 14.75099256  6.44427623]	[11.48931978 13.84941121  7.03367467]	[39, 48]
Site 101	[11.49103215 10.92455982  5.23644323]	[11.29064793 11.03187372  6.31270058]	[40, 41]
Site 102	[ 9.20241532 10.1642579   5.0265164 ]	[ 9.24001675 10.20676479  6.12505147]	[40, 42]
Site 103	[10.49663018  9.78809712  5.26933579]	[10.48548423 10.04547429  6.33874346]	[40, 43]
Site 104	[ 9.44374509 12.65271506  5.51828588]	[ 9.65760084 12.2884806   6.53396249]	[40, 45]
Site 105	[ 8.3610751  11.24057813  5.65287605]	[ 8.85097443 11.28382889  6.63681102]	[40, 46]
Site 106	[12.08352129  9.60579813  5.58080232]	[11.75910003  9.89727394  6.59065018]	[41, 43]
Site 107	[13.4200171   9.67009786  5.82256136]	[12.99576481  9.74932218  6.83435853]	[41, 44]
Site 108	[13.61103701 12.17351514  6.32962238]	[12.96551919 11.91454086  7.18181899]	[41, 47]
Site 109	[14.21548029 10.52517955  6.77388442]	[13.43159362 10.72497649  7.51927216]	[41, 50]
Site 110	[13.74903798 11.64091567  8.07935579]	[12.69527826 11.36953206  8.24041917]	[41, 63]
Site 111	[9.80836524 8.56034919 5.43446336]	[9.70846884 9.072165   6.40300106]	[42, 43]
Site 112	[ 7.41412634 10.48232454  5.83787463]	[ 8.07395904 10.3105196   6.70106862]	[42, 46]
Site 113	[8.6176807  7.59255421 6.37078279]	[8.82770359 8.42571119 7.05761598]	[42, 52]
Site 114	[6.99264725 8.69913403 6.79829748]	[7.82687953 9.22432743 7.28638393]	[42, 56]
Site 115	[12.31879168  8.24759817  5.89706981]	[12.1906011   8.76292275  6.8604014 ]	[43, 44]
Site 116	[9.96940793 7.55824169 6.43432265]	[10.07317107  8.2644207   7.27130797]	[43, 52]
Site 117	[11.56289004  7.35633988  6.72249814]	[11.338623    8.09987747  7.50150786]	[43, 54]
Site 118	[14.81327866  9.5544012   7.23599695]	[13.8630947   9.5906253   7.78902339]	[44, 50]
Site 119	[12.81040831  7.06424888  7.13961883]	[12.57528778  7.95192571  7.74521621]	[44, 54]
Site 120	[14.39836951  7.72297807  8.12051394]	[13.60969411  8.46040585  8.3307314 ]	[44, 60]
Site 121	[ 8.09784029 12.60547736  6.10522796]	[ 8.49154314 12.39223542  7.10997964]	[45, 46]
Site 122	[10.44319234 14.60455426  6.64139884]	[10.33634254 13.97522816  7.53724022]	[45, 48]
Site 123	[ 7.75548314 13.9209762   6.61613371]	[ 8.15970281 13.49648797  7.54694852]	[45, 53]
Site 124	[ 8.88831923 14.95487818  7.44347069]	[ 9.2067353  14.09272723  8.04787697]	[45, 57]
Site 125	[ 6.7134483  12.64829808  6.76866391]	[ 7.3530764  12.49183626  7.64979705]	[46, 53]
Site 126	[ 6.78550951 10.00082354  6.96500037]	[ 7.43783722 10.30139153  7.79814348]	[46, 56]
Site 127	[ 6.09642974 11.42839586  7.99263828]	[ 7.09007325 11.4425153   8.46430894]	[46, 61]
Site 128	[12.74344738 14.35175239  7.09158619]	[12.37064509 13.74948877  7.93319001]	[47, 48]
Site 129	[14.60374577 11.83646575  7.3559594 ]	[13.83284908 11.75584399  8.13648385]	[47, 50]
Site 130	[13.92608995 14.4134849   8.41838325]	[13.22547678 13.67806188  8.84063218]	[47, 62]
Site 131	[14.14055195 12.06722833  8.9526197 ]	[13.09653372 12.40039955  8.85763086]	[47, 63]
Site 132	[10.02099196 15.50102891  7.89167216]	[10.24490829 14.67106827  8.57798608]	[48, 57]
Site 133	[12.84940138 15.22314773  8.44901229]	[12.22934722 14.4821423   8.97479151]	[48, 62]
Site 134	[11.37612001 16.16620217  8.97806632]	[11.17739183 15.17334295  9.40787754]	[48, 66]
Site 135	[14.86779522  8.97862291  8.44589119]	[14.04552293  9.43606017  9.01564503]	[50, 60]
Site 136	[14.18798118 12.10189017  9.03719294]	[13.56260815 11.21083519  9.19508402]	[50, 63]
Site 137	[15.44700574 10.12898688  9.69904098]	[14.39766483 10.44109661  9.80614452]	[50, 70]
Site 138	[10.47642345  6.60949076  7.45083377]	[10.45785775  7.45342365  8.15612277]	[52, 54]
Site 139	[7.57569077 7.84903175 7.44155428]	[8.19158176 8.41658311 8.15469083]	[52, 56]
Site 140	[9.3695463  5.97082083 8.12238516]	[9.57647319 6.80898344 8.80404835]	[52, 68]
Site 141	[8.05812373 6.63556614 8.67912631]	[8.57165563 7.54301449 9.02958669]	[52, 71]
Site 142	[ 7.84610334 15.08686463  7.98732201]	[ 8.06826856 14.19232808  8.58769438]	[53, 57]
Site 143	[ 5.74867565 12.46651959  8.47191278]	[ 6.75823292 12.54676785  8.90127782]	[53, 61]
Site 144	[ 6.23282329 14.53871976  9.17210455]	[ 7.07222437 13.83567309  9.27760904]	[53, 72]
Site 145	[13.40126799  7.05117632  8.48291054]	[12.75771601  7.79736057  8.97183785]	[54, 60]
Site 146	[11.06128746  5.74586026  8.43890445]	[10.84192512  6.64444021  9.03424824]	[54, 68]
Site 147	[12.22648687  6.05995987  9.40096141]	[11.8664191   7.07642266  9.6181125 ]	[54, 76]
Site 148	[ 5.85447856 10.33652323  8.56749802]	[ 6.84299374 10.35632312  9.04962425]	[56, 61]
Site 149	[6.9546648  7.57705311 8.76261321]	[7.57083157 8.34163073 9.25835464]	[56, 71]
Site 150	[5.77843106 8.57154829 8.96847331]	[6.59537885 9.11289698 9.468011  ]	[56, 74]
Site 151	[ 9.93805034 16.27747102  9.44467716]	[10.04778459 15.29084202  9.91851429]	[57, 66]
Site 152	[ 7.50791641 15.21008357  9.2982122 ]	[ 8.11925687 14.43191235  9.7785375 ]	[57, 72]
Site 153	[ 8.48537395 16.29878043  9.10395261]	[ 8.73682387 15.59426513  9.91044571]	[57, 73]
Site 154	[14.65713598 14.25198518 10.44267945]	[13.74582206 13.68367272 10.6804354 ]	[59, 62]
Site 155	[14.39000741 12.40610094  9.91495567]	[13.616879   12.4060104  10.69743408]	[59, 63]
Site 156	[15.54892223 11.68190021 11.24112568]	[14.45193568 11.63627182 11.30849457]	[59, 70]
Site 157	[15.19977055  9.01636371 10.25210137]	[14.14426425  9.31087716 10.34785253]	[60, 70]
Site 158	[13.4394622   6.66768679  9.92329715]	[12.90082544  7.58490281 10.20362769]	[60, 76]
Site 159	[ 5.84731961 13.13789621  9.69067101]	[ 6.80922122 12.78635212 10.09212093]	[61, 72]
Site 160	[ 5.26530055 10.28336239  9.64001291]	[ 6.24761488 10.25402075 10.13417646]	[61, 74]
Site 161	[ 5.19971573 12.39364094 10.83668016]	[ 6.26395    12.27011783 11.08597404]	[61, 77]
Site 162	[13.86235163 13.03333482  9.28506852]	[12.95523585 13.13305308  9.89923236]	[62, 63]
Site 163	[12.50393038 16.03463004  9.97248264]	[12.03222351 15.10191606 10.31531971]	[62, 66]
Site 164	[14.43750822 11.34380857  9.79181014]	[13.66134947 11.08565218 10.52729152]	[63, 70]
Site 165	[ 9.91409803 17.14865174 10.53264017]	[ 9.66930741 16.09653981 10.74033716]	[66, 73]
Site 166	[8.28823014 5.91075062 9.61332701]	[8.955723   6.73403105 9.90771216]	[68, 71]
Site 167	[11.45833234  5.44401211 10.16652026]	[10.98503454  6.43198245 10.26603808]	[68, 76]
Site 168	[ 6.27977338  7.43884758 10.05091237]	[ 6.97545272  8.23932836 10.34290686]	[71, 74]
Site 169	[ 6.82253511 15.76021963 10.29424565]	[ 7.74077968 15.23761014 10.60036037]	[72, 73]
Site 170	[ 5.67676067 14.16342196 11.28181932]	[ 6.57794146 13.55902307 11.46230526]	[72, 77]
--------------------------------------------------------------
The following sites are binding sites for three-fold sites.
Site		Binding Position			Surface Position		Indices of atoms involved
Site 1	[11.17105987 11.44749611 17.93803515]	[10.74057724 11.75326237 16.9730524 ]	[0, 1, 2]
Site 2	[10.78453178 13.5800719  17.90536283]	[10.51049255 13.11401313 16.94740055]	[0, 1, 3]
Site 3	[ 9.32730535 10.42407497 17.61080208]	[ 9.55243813 11.0767555  16.75445906]	[0, 2, 5]
Site 4	[ 8.76441288 13.85489294 17.60214798]	[ 9.16938286 13.29156239 16.7485333 ]	[0, 3, 4]
Site 5	[ 7.82316694 11.88423802 17.42442383]	[ 8.57878799 12.03769806 16.63989413]	[0, 4, 5]
Site 6	[12.34001411 10.99025136 17.29407855]	[11.93442507 11.28583229 16.31523768]	[1, 2, 7]
Site 7	[11.74262459 14.48735993 17.16186054]	[11.44581187 14.0009767  16.22093888]	[1, 3, 8]
Site 8	[13.52132146 11.96598868 17.04977015]	[13.06723935 12.22192134 16.0811072 ]	[1, 6, 7]
Site 9	[13.10314608 14.06346089 16.95373426]	[12.80871084 13.57631499 16.01246025]	[1, 6, 8]
Site 10	[ 9.30772256  9.16889176 16.5427816 ]	[ 9.53227379  9.90183067 15.75387268]	[2, 5, 12]
Site 11	[12.41346046  9.62852664 16.86714372]	[12.00961452  9.90469562 15.88193352]	[2, 7, 10]
Site 12	[10.49573456  8.50679845 16.34129887]	[10.79560235  9.19720088 15.53916186]	[2, 10, 12]
Site 13	[ 8.3506574  14.93001202 16.68981801]	[ 8.75795831 14.36130391 15.840891  ]	[3, 4, 13]
Site 14	[11.3111777  15.7789095  16.63202921]	[11.01363923 15.29447494 15.6903318 ]	[3, 8, 11]
Site 15	[ 9.27437645 16.06358325 16.35303837]	[ 9.66689536 15.47725289 15.50915117]	[3, 11, 13]
Site 16	[ 6.80973777 11.72409888 16.44852151]	[ 7.5407322  11.87369589 15.64027162]	[4, 5, 14]
Site 17	[ 7.03568137 14.87193247 16.1017516 ]	[ 7.43876197 14.30308904 15.2509031 ]	[4, 13, 15]
Site 18	[ 6.0569828  12.95884012 15.95109723]	[ 6.81213073 13.06934536 15.15892289]	[4, 14, 15]
Site 19	[ 8.084593    8.82607957 15.94149788]	[ 8.2435032   9.54172895 15.1213799 ]	[5, 12, 16]
Site 20	[ 6.49768314 10.41485184 15.9354435 ]	[ 7.22561175 10.55265161 15.12234377]	[5, 14, 16]
Site 21	[14.87736719 11.51137202 15.49009431]	[13.9583914  11.93654499 15.06031362]	[6, 7, 22]
Site 22	[14.20761233 14.90418029 15.32419119]	[13.51982602 14.12915439 14.95502341]	[6, 8, 23]
Site 23	[15.31362702 13.34174816 14.41532457]	[14.23957054 13.10899278 14.36812691]	[6, 22, 23]
Site 24	[13.83379787  9.18651575 15.3234197 ]	[12.93234348  9.64509793 14.89088951]	[7, 10, 24]
Site 25	[14.66521963 10.30394057 14.72574177]	[13.74830608 10.74085824 14.30340009]	[7, 22, 24]
Site 26	[12.36414151 16.65061765 14.9351069 ]	[11.68006568 15.85461314 14.60583941]	[8, 11, 25]
Site 27	[13.48742351 15.9228095  14.41777845]	[12.82335351 15.1139543  14.07900966]	[8, 23, 25]
Site 28	[10.93202026  7.34170313 14.75320122]	[11.10273987  8.37694057 14.4228404 ]	[10, 12, 26]
Site 29	[13.16676195  7.84082678 14.16539471]	[12.44208542  8.6610527  14.05551587]	[10, 24, 26]
Site 30	[ 8.98985965 17.12172279 14.51178627]	[ 9.49598478 16.16273464 14.32691041]	[11, 13, 28]
Site 31	[10.9158661  17.46178713 13.62653514]	[10.74020335 16.38266709 13.74754157]	[11, 25, 28]
Site 32	[ 7.83294712  7.77379727 14.20434339]	[ 8.05397172  8.80946458 13.9067844 ]	[12, 16, 32]
Site 33	[10.3572881   6.93607877 13.86376211]	[10.29941447  7.85544945 13.26258976]	[12, 26, 29]
Site 34	[ 8.47466306  7.21765959 13.5391409 ]	[ 8.9820659   8.05033182 13.0300247 ]	[12, 29, 32]
Site 35	[ 6.69499211 15.94583069 14.31354829]	[ 7.22454434 15.00854263 14.08757148]	[13, 15, 30]
Site 36	[ 7.88824741 16.71892353 13.69706381]	[ 8.3728301  15.75223925 13.49531862]	[13, 28, 30]
Site 37	[ 5.1242867  12.85997514 14.04684798]	[ 6.20681431 13.00978103 13.92157955]	[14, 15, 77]
Site 38	[ 5.51352688 10.33375463 14.01113586]	[ 6.58886622 10.5247259  13.88008135]	[14, 16, 31]
Site 39	[ 5.2171756  11.62287017 13.27767348]	[ 6.29867024 11.78620585 13.16066586]	[14, 31, 77]
Site 40	[ 5.50674807 14.71598044 13.02835984]	[ 6.45345457 14.20896436 13.2664386 ]	[15, 30, 77]
Site 41	[ 6.09448531  8.84336046 13.01475522]	[ 7.01316321  9.43213513 13.15395043]	[16, 31, 32]
Site 42	[15.39323901 13.27844384 12.97559975]	[14.31938803 13.04556238 12.92450871]	[22, 23, 59]
Site 43	[15.16637249 10.12024281 13.04033165]	[14.19318923 10.56949317 12.79317086]	[22, 24, 70]
Site 44	[15.5812726  11.74471651 12.06006268]	[14.48309203 11.70174953 12.10646618]	[22, 59, 70]
Site 45	[13.29658347 15.21122242 12.11748136]	[12.73194246 14.78881901 12.96173007]	[23, 25, 34]
Site 46	[13.73827095 14.65879764 11.83379122]	[13.50823245 13.7405887  12.39412562]	[23, 34, 59]
Site 47	[13.48634519  7.79227124 13.70862642]	[13.09114411  8.40947984 12.8883401 ]	[24, 26, 35]
Site 48	[15.05243209  9.16679177 12.60585826]	[14.02628532  9.22216    12.2134845 ]	[24, 35, 70]
Site 49	[11.05960061 17.18625081 12.05485319]	[10.87514917 16.12392976 12.27268719]	[25, 28, 66]
Site 50	[12.68939211 15.51428988 11.54687552]	[11.72360046 15.27074052 12.01370545]	[25, 34, 66]
Site 51	[11.30243142  6.25498573 12.45500619]	[11.12935058  7.24092956 11.99898229]	[26, 29, 76]
Site 52	[12.778368    6.5298336  12.44916378]	[12.58173468  7.51084781 11.99205716]	[26, 35, 76]
Site 53	[ 7.89297491 17.03071377 12.33637194]	[ 8.37696582 16.07171902 12.09955582]	[28, 30, 73]
Site 54	[ 9.88094523 17.28114024 11.28053145]	[ 9.63506632 16.22347708 11.45629323]	[28, 66, 73]
Site 55	[ 7.87322165  6.76278871 11.84715511]	[ 8.45912765  7.63717766 11.52753328]	[29, 32, 71]
Site 56	[ 8.62284624  5.93195408 10.90831254]	[ 9.19966223  6.81633758 10.59985002]	[29, 68, 71]
Site 57	[10.71885128  5.62190924 11.28164038]	[10.5525366   6.61497185 10.83873397]	[29, 68, 76]
Site 58	[ 6.63238451 15.79524137 11.02827913]	[ 7.56250866 15.27102094 11.29297142]	[30, 72, 73]
Site 59	[ 5.84451095 14.65852019 11.61347495]	[ 6.78728318 14.15196289 11.86760135]	[30, 72, 77]
Site 60	[ 5.91578407  8.86695652 12.38568275]	[ 6.71207716  9.34955036 11.80000322]	[31, 32, 74]
Site 61	[ 5.221967   10.58853062 10.92262323]	[ 6.29750815 10.36119257 10.88352526]	[31, 61, 74]
Site 62	[ 5.22381625 11.54779686 11.42378006]	[ 6.30839823 11.7052573  11.51805698]	[31, 61, 77]
Site 63	[ 6.6173852   7.45452819 11.36106631]	[ 7.22994741  8.31372565 11.05034577]	[32, 71, 74]
Site 64	[13.68957397 14.65751489 11.56849525]	[13.20119404 13.76170978 11.15737697]	[34, 59, 62]
Site 65	[13.25875318 13.72766417 10.44709976]	[13.115232   12.90993489 11.16870942]	[34, 59, 63]
Site 66	[13.6861731  13.29808306 11.05664725]	[12.67413656 13.39463001 10.63657494]	[34, 62, 63]
Site 67	[12.73282757 15.44640005 11.37142829]	[12.05879501 14.70720533 10.91396651]	[34, 62, 66]
Site 68	[15.17138236  8.56111926 10.72301071]	[14.11107383  8.80415324 10.8863518 ]	[35, 60, 70]
Site 69	[13.83770396  6.73878064 10.53603216]	[13.28211463  7.65350367 10.7902019 ]	[35, 60, 76]
Site 70	[11.58462319 11.55028303  5.14100216]	[11.39513997 11.73633356  6.20846706]	[39, 40, 41]
Site 71	[ 9.90865315 12.86490471  5.37252183]	[10.30644191 12.57407148  6.35597499]	[39, 40, 45]
Site 72	[13.29856933 12.4704028   6.03311915]	[12.51172081 12.32477832  6.78787933]	[39, 41, 47]
Site 73	[10.58306425 14.58679106  6.40022127]	[10.75893637 13.69856985  7.02482681]	[39, 45, 48]
Site 74	[12.69656826 14.34858962  6.80804561]	[12.11513807 13.54807692  7.28879334]	[39, 47, 48]
Site 75	[11.3683084  10.14167286  5.34614741]	[11.17841073 10.32487398  6.41403141]	[40, 41, 43]
Site 76	[9.96950541 9.57784017 5.21833184]	[9.81132327 9.77480136 6.288932  ]	[40, 42, 43]
Site 77	[ 8.27341573 10.89480063  5.52722857]	[ 8.72165007 10.60037109  6.4876437 ]	[40, 42, 46]
Site 78	[ 8.54631732 12.25355001  5.79396132]	[ 9.00003947 11.98818164  6.76025105]	[40, 45, 46]
Site 79	[12.503872    9.28759266  5.69354682]	[12.31515531  9.46983962  6.76180337]	[41, 43, 44]
Site 80	[14.24917672 10.16178581  6.66008204]	[13.43015104 10.02164133  7.38088469]	[41, 44, 50]
Site 81	[14.22913992 11.5803848   6.88747113]	[13.4099873  11.46512045  7.612525  ]	[41, 47, 50]
Site 82	[13.93456316 11.474062    8.13589104]	[12.91911039 11.89482416  8.09328967]	[41, 47, 63]
Site 83	[13.73826958 12.02729377  8.01017989]	[13.22982668 11.10178125  8.31825845]	[41, 50, 63]
Site 84	[9.56239452 7.78771481 6.15580479]	[9.53644783 8.5874323  6.91064167]	[42, 43, 52]
Site 85	[6.83083114 9.86442524 6.7110866 ]	[7.7795586  9.94541285 7.26186534]	[42, 46, 56]
Site 86	[7.58952245 7.93781123 7.09176023]	[8.28205496 8.68887391 7.49956358]	[42, 52, 56]
Site 87	[12.08809017  7.47324879  6.61416508]	[12.03483729  8.27157531  7.36904182]	[43, 44, 54]
Site 88	[10.65524849  7.13564897  6.89250336]	[10.62321727  7.93924061  7.64297953]	[43, 52, 54]
Site 89	[14.87223312  8.83756953  8.183938  ]	[13.83943725  9.16236378  8.3784666 ]	[44, 50, 60]
Site 90	[13.54726316  7.14843436  8.14891739]	[12.9808993   8.06989738  8.34926182]	[44, 54, 60]
Site 91	[ 7.56106624 13.04722321  6.46002143]	[ 8.00144078 12.79351989  7.43557507]	[45, 46, 53]
Site 92	[ 9.74480678 15.14026329  7.44048259]	[ 9.92932871 14.24634122  8.05436776]	[45, 48, 57]
Site 93	[ 8.2654428  14.81561644  7.44813948]	[ 8.47823556 13.9271811   8.06083996]	[45, 53, 57]
Site 94	[ 6.07700499 12.04709253  7.87281668]	[ 7.06712752 12.16037314  8.33846127]	[46, 53, 61]
Site 95	[ 6.12999436 10.67225921  7.96629097]	[ 7.12363474 10.70007665  8.43735889]	[46, 56, 61]
Site 96	[13.18876492 14.76947153  8.09917476]	[12.60848969 13.96989765  8.58287123]	[47, 48, 62]
Site 97	[14.37191546 12.2644633   9.19777183]	[13.49733032 11.78902624  8.72973291]	[47, 50, 63]
Site 98	[14.16511138 12.96516899  9.41877343]	[13.09241545 13.07050483  9.19916513]	[47, 62, 63]
Site 99	[10.3790293  16.03213196  8.82878988]	[10.49002824 15.04508441  9.3014593 ]	[48, 57, 66]
Site 100	[12.27511731 15.84935261  9.20387892]	[11.81298752 14.91913377  9.56599625]	[48, 62, 66]
Site 101	[15.25238315  9.44198128  9.61790032]	[14.19581734  9.72934465  9.72321403]	[50, 60, 70]
Site 102	[14.61045997 11.72919863  9.86498509]	[13.87387415 10.91252799  9.84284002]	[50, 63, 70]
Site 103	[10.32479212  6.16745705  7.91211743]	[10.29208535  6.9689491   8.66480645]	[52, 54, 68]
Site 104	[7.42264921 7.36263711 8.37674701]	[8.11135632 8.10040945 8.81421072]	[52, 56, 71]
Site 105	[8.37546387 6.25638699 8.82393023]	[9.03461727 7.02867633 9.24711573]	[52, 68, 71]
Site 106	[ 7.28095065 15.1309507   9.03814462]	[ 7.75324993 14.15330451  9.21461364]	[53, 57, 72]
Site 107	[ 5.81164445 13.31855416  9.41663866]	[ 6.87989284 13.05626435  9.42366926]	[53, 61, 72]
Site 108	[13.08282857  6.57528174  9.37399379]	[12.50832019  7.48622868  9.59785935]	[54, 60, 76]
Site 109	[11.75512966  5.77654901  9.41627347]	[11.23112626  6.71761511  9.63946627]	[54, 68, 76]
Site 110	[5.59724731 9.92211937 9.02234853]	[6.56199583 9.90774695 9.5506039 ]	[56, 61, 74]
Site 111	[6.36600617 7.82371097 9.24590837]	[7.04722105 8.56461869 9.6897575 ]	[56, 71, 74]
Site 112	[ 9.67798146 16.47698347  9.4783915 ]	[ 9.48463862 15.66054899 10.18976572]	[57, 66, 73]
Site 113	[ 7.52330278 15.53157839  9.35034362]	[ 8.19895347 15.08792921 10.09644786]	[57, 72, 73]
Site 114	[14.24120259 12.98337302  9.67822875]	[13.4393123  13.0742454  10.42570061]	[59, 62, 63]
Site 115	[14.6306271  11.83936157 10.02351549]	[13.91005472 11.70931147 10.84440672]	[59, 63, 70]
Site 116	[ 5.56935155 13.2158021  10.52057128]	[ 6.5503709  12.87183101 10.88013341]	[61, 72, 77]
--------------------------------------------------------------
The following sites are binding sites for four-fold sites.
Site		Binding Position			Surface Position		Indices of atoms involved
--------------------------------------------------------------
