--------------------------------------------------------------
--------------------------------------------------------------
The following data gives the positions of possible binding sites for adatoms and admolecules across a cluster or surface.

The following sites are binding sites for top sites.
Site			Binding Position						Surface Position
Site 1	[ 9.42436285 12.32560109 18.81514189] 	[ 9.57897 12.30435 17.72122]
Site 2	[12.27128003 12.89860616 17.90307685] 	[11.89202 12.75571 16.87508]
Site 3	[10.87465622  9.92396038 17.65159584] 	[10.78184 10.37095 16.64518]
Site 4	[ 9.98674701 15.07874889 17.536501  ] 	[10.04228 14.51639 16.58698]
Site 5	[ 7.19140894 13.55211388 17.16780544] 	[ 7.79092 13.28862 16.27774]
Site 6	[ 7.74421263 10.37049263 17.16815495] 	[ 8.23965 10.74009 16.25204]
Site 7	[14.9748727  13.39846377 16.5671691 ] 	[14.15681 13.16002 15.86359]
Site 8	[13.84666209 10.53775263 16.52939332] 	[13.1601  10.83609 15.71648]
Site 9	[12.90957809 15.63699516 16.28077732] 	[12.39562 14.95117 15.58323]
Site 10	[12.41104347  7.832431   16.2475988 ] 	[12.06325  8.55822 15.49043]
Site 11	[10.60672512 17.55893087 15.81534163] 	[10.53824 16.60645 15.25936]
Site 12	[ 9.30516116  7.6108435  15.05968745] 	[ 9.52942  8.46181 14.39145]
Site 13	[ 7.81489674 16.33060213 15.59904023] 	[ 8.28901 15.52071 15.01566]
Site 14	[ 5.50737302 11.64549118 15.26735619] 	[ 6.45095 11.74031 14.69996]
Site 15	[ 5.21886789 14.69141255 15.16808445] 	[ 6.10987 14.24102 14.6944 ]
Site 16	[ 6.22045893  8.68201236 15.244979  ] 	[ 6.95177  9.27009 14.66154]
Site 17	[15.59797215 11.8110743  14.047289  ] 	[14.54266 11.82577 13.71959]
Site 18	[14.89122567 15.01227365 13.88667917] 	[14.00314 14.39357 13.66321]
Site 19	[14.41456729  9.02655915 14.05699758] 	[13.55515  9.53549 13.58441]
Site 20	[12.54755175 17.15815202 13.41533086] 	[12.06361 16.17164 13.29646]
Site 21	[12.05052744  6.89611345 13.59075189] 	[11.74769  7.85724 13.13743]
Site 22	[ 9.40084496 17.6522079  13.04285046] 	[ 9.54311 16.56047 12.94732]
Site 23	[ 9.51647334  5.96586286 12.27456536] 	[ 9.71345  7.0127  11.98023]
Site 24	[ 6.44042175 16.17488811 12.80628963] 	[ 7.18951 15.36648 12.7254 ]
Site 25	[ 5.32710008 10.2790439  12.58858   ] 	[ 6.38529 10.54732 12.41767]
Site 26	[ 7.05376203  7.63627617 12.72733576] 	[ 7.73278  8.46004 12.44221]
Site 27	[12.83569148 14.87440357 12.01742981] 	[12.12224 14.03642 12.12078]
Site 28	[14.8720589   7.06288337 12.08086256] 	[14.06472  7.79772 11.90984]
Site 29	[11.84044417 13.57543671  4.97462585] 	[11.58626 13.13925  5.9576 ]
Site 30	[ 9.92638942 11.19601036  4.83914239] 	[10.03396 11.16356  5.93842]
Site 31	[13.11911654 10.8341816   5.46299818] 	[12.58976 10.86336  6.43254]
Site 32	[8.0657267  8.80644223 5.16102495] 	[8.49703 9.19308 6.10204]
Site 33	[11.08750392  8.3283452   5.49203696] 	[10.96806  8.84359  6.46218]
Site 34	[14.05387238  8.05872401  6.25649173] 	[13.4151   8.56569  7.00213]
Site 35	[ 8.98276015 13.94435695  6.06094307] 	[ 9.27593 13.39606  6.97452]
Site 36	[ 6.96580897 11.42506538  6.23987143] 	[ 7.67486 11.36165  7.08516]
Site 37	[14.17500211 13.33277951  7.0746935 ] 	[13.39378 12.90854  7.73131]
Site 38	[11.62613193 15.3833995   7.39026571] 	[11.36378 14.54446  8.06008]
Site 39	[15.30697567 10.41816011  7.84147443] 	[14.32455 10.49065  8.3426 ]
Site 40	[8.87145314 6.69886101 7.1742286 ] 	[9.1887  7.53222 7.82686]
Site 41	[ 6.24157472 14.02444576  7.43305458] 	[ 7.00558 13.55754  8.08061]
Site 42	[12.03567173  6.29189342  7.73002975] 	[11.73121  7.20294  8.27623]
Site 43	[6.34152746 8.65937488 7.69767289] 	[7.17182 9.11346 8.26841]
Site 44	[ 8.79750164 15.65798867  8.44074754] 	[ 9.08197 14.7892   9.06142]
Site 45	[15.39892995 13.36740172 11.43131759] 	[14.36266 12.99965 11.54047]
Site 46	[14.68220272  7.5726444   9.18162834] 	[13.83698  8.22562  9.46531]
Site 47	[ 5.32009982 11.71101302  9.67067404] 	[ 6.37194 11.6601  10.00536]
Site 48	[13.8090954  15.11270558  9.49572281] 	[13.07351 14.36776  9.84924]
Site 49	[13.96619358 12.05509506  9.52881635] 	[12.94505 11.81103  9.87467]
Site 50	[11.22267609 16.80941215 10.32067662] 	[10.96897 15.78133 10.6365 ]
Site 51	[9.84959204 4.91500353 9.42991866] 	[9.96231 5.99335 9.64341]
Site 52	[15.63182045 10.16703336 11.22856104] 	[14.54317 10.35327 11.26343]
Site 53	[7.30754158 6.5364202  9.92541869] 	[ 7.93939  7.42953 10.08158]
Site 54	[ 6.24768053 14.71142196 10.17228707] 	[ 7.12396 14.11071 10.47602]
Site 55	[ 7.95712649 17.39370604 10.49187776] 	[ 8.35398 16.40109 10.77161]
Site 56	[ 5.03314707  8.51525843 10.37209942] 	[ 6.01471  9.00496 10.50542]
Site 57	[12.43570487  5.79395775 10.79226878] 	[12.04709  6.8284  10.78198]
Site 58	[ 4.98998052 13.27095005 12.48542383] 	[ 6.06628 13.02315 12.44696]
--------------------------------------------------------------
The following sites are binding sites for bridge sites.
Site			Binding Position						Surface Position
Site 1	[11.09003989 12.65921713 18.33785036] 	[10.735495 12.53003  17.29815 ]
Site 2	[10.3014453  10.86212968 18.17447287] 	[10.180405 11.33765  17.1832  ]
Site 3	[ 9.74161178 13.92505334 18.13073385] 	[ 9.810625 13.41037  17.1541  ]
Site 4	[ 8.09623734 13.04825093 17.90135436] 	[ 8.684945 12.796485 16.99948 ]
Site 5	[ 8.38619197 11.13230425 17.87981931] 	[ 8.90931 11.52222 16.98663]
Site 6	[11.6119414  11.33446653 17.80746309] 	[11.33693 11.56333 16.76013]
Site 7	[11.17646357 14.02215676 17.74644782] 	[10.96715 13.63605 16.73103]
Site 8	[13.4471945  13.11807575 17.37880044] 	[13.024415 12.957865 16.369335]
Site 9	[13.09479588 11.61018772 17.22641146] 	[12.52606 11.7959  16.29578]
Site 10	[12.56920101 14.29721654 17.1491326 ] 	[12.14382  13.85344  16.229155]
Site 11	[ 9.29006672 10.06714112 17.41712243] 	[ 9.510745 10.55552  16.44861 ]
Site 12	[12.41117686 10.25901128 17.13581267] 	[11.97097 10.60352 16.18083]
Site 13	[11.56613787  8.9490625  17.0358164 ] 	[11.422545  9.464585 16.067805]
Site 14	[ 9.95904459  8.63969089 16.28583134] 	[10.15563   9.41638  15.518315]
Site 15	[ 8.53975224 14.35809908 17.367509  ] 	[ 8.9166   13.902505 16.43236 ]
Site 16	[11.48103633 15.34941742 16.96629497] 	[11.21895  14.73378  16.085105]
Site 17	[10.24779467 16.16164221 16.85126706] 	[10.29026 15.56142 15.92317]
Site 18	[ 8.84633072 15.71270062 16.60135884] 	[ 9.165645 15.01855  15.80132 ]
Site 19	[ 7.4070328  11.89813338 17.18193938] 	[ 8.015285 12.014355 16.26489 ]
Site 20	[ 7.51300146 14.97001656 16.43858855] 	[ 8.039965 14.404665 15.6467  ]
Site 21	[ 6.28302451 12.50379369 16.21128035] 	[ 7.120935 12.514465 15.48885 ]
Site 22	[ 6.31082278 14.05667236 16.33995114] 	[ 6.950395 13.76482  15.48607 ]
Site 23	[ 8.6285635   8.83502083 16.08257531] 	[ 8.884535  9.60095  15.321745]
Site 24	[ 6.57191782 11.04810084 16.24364315] 	[ 7.3453 11.2402 15.476 ]
Site 25	[ 7.0394482   9.5705495  16.30844231] 	[ 7.59571 10.00509 15.45679]
Site 26	[14.34469883 11.65407588 16.58656031] 	[13.658455 11.998055 15.790035]
Site 27	[13.82239038 14.70330667 16.43460129] 	[13.276215 14.055595 15.72341 ]
Site 28	[15.42613793 12.41561746 15.03434283] 	[14.349735 12.492895 14.79159 ]
Site 29	[14.98291041 14.35885073 15.02729853] 	[14.079975 13.776795 14.7634  ]
Site 30	[13.23729682  9.31338021 16.43114837] 	[12.611675  9.697155 15.603455]
Site 31	[14.79007851 11.13361395 15.27026042] 	[13.85138  11.33093  14.718035]
Site 32	[14.21119419  9.6670125  15.12560895] 	[13.357625 10.18579  14.650445]
Site 33	[11.96864493 16.4784691  16.115711  ] 	[11.46693  15.77881  15.421295]
Site 34	[13.94726679 15.36867166 15.04728777] 	[13.19938 14.67237 14.62322]
Site 35	[12.78316096 16.43790251 14.82733441] 	[12.229615 15.561405 14.439845]
Site 36	[10.54812687  7.64833584 15.59026515] 	[10.796335  8.510015 14.94094 ]
Site 37	[13.68066003  8.49501926 14.93763508] 	[12.8092    9.046855 14.53742 ]
Site 38	[12.20524474  7.17756106 14.58163549] 	[11.90547  8.20773 14.31393]
Site 39	[ 8.95427293 16.88656596 15.71637985] 	[ 9.413625 16.06358  15.13751 ]
Site 40	[11.76696325 17.38191903 14.42090694] 	[11.300925 16.389045 14.27791 ]
Site 41	[ 9.87262476 17.67547995 14.1546921 ] 	[10.040675 16.58346  14.10334 ]
Site 42	[ 8.03573611  7.99625309 15.1798946 ] 	[ 8.240595  8.86595  14.526495]
Site 43	[10.68427885  7.19751556 14.30934059] 	[10.638555  8.159525 13.76444 ]
Site 44	[ 9.39963434  6.79981368 13.73212044] 	[ 9.621435  7.737255 13.18584 ]
Site 45	[ 8.15185277  7.56702741 13.85956065] 	[ 8.6311    8.460925 13.41683 ]
Site 46	[ 6.66062627 15.65114783 15.43821992] 	[ 7.19944  14.880865 14.85503 ]
Site 47	[ 8.5639954  17.04805244 14.27459367] 	[ 8.91606 16.04059 13.98149]
Site 48	[ 7.09829675 16.30996962 14.12011908] 	[ 7.73926  15.443595 13.87053 ]
Site 49	[ 5.33118378 12.86310889 15.25068886] 	[ 6.28041  12.990665 14.69718 ]
Site 50	[ 5.78647023 10.31018369 15.27117895] 	[ 6.70136 10.5052  14.68075]
Site 51	[ 5.36086792 10.86881458 13.73348588] 	[ 6.41812  11.143815 13.558815]
Site 52	[ 5.1779128  12.4565617  13.80077374] 	[ 6.258615 12.38173  13.57346 ]
Site 53	[ 5.89693666 15.6126916  13.76036946] 	[ 6.64969 14.80375 13.7099 ]
Site 54	[ 5.00066226 13.8186415  13.49164745] 	[ 6.088075 13.632085 13.57068 ]
Site 55	[ 5.60872775  9.60512681 13.63522195] 	[ 6.66853   9.908705 13.539605]
Site 56	[ 6.70598288  7.96674975 13.65690514] 	[ 7.342275  8.865065 13.551875]
Site 57	[15.32499383 13.33660733 13.95003405] 	[14.2729  13.10967 13.6914 ]
Site 58	[14.98545592 10.25335848 14.05666187] 	[14.048905 10.68063  13.652   ]
Site 59	[15.53513779 12.63746571 12.66191937] 	[14.45266 12.41271 12.63003]
Site 60	[15.63715134 10.94221386 12.58022185] 	[14.542915 11.08952  12.49151 ]
Site 61	[13.75424279 16.10473892 13.65318516] 	[13.033375 15.282605 13.479835]
Site 62	[13.39511546 15.0806894  12.28964176] 	[13.06269  14.214995 12.891995]
Site 63	[15.20143607 14.11613301 12.49937662] 	[14.1829  13.69661 12.60184]
Site 64	[13.25691989  7.91297334 13.85391149] 	[12.65142   8.696365 13.36092 ]
Site 65	[14.63122141  8.29112559 13.38521891] 	[13.809935  8.666605 12.747125]
Site 66	[15.05200648  9.58516137 12.72406241] 	[14.04916  9.94438 12.42392]
Site 67	[10.96412691 17.45958411 13.17962193] 	[10.80336  16.366055 13.12189 ]
Site 68	[12.9848347  15.43949246 12.14873133] 	[12.092925 15.10403  12.70862 ]
Site 69	[11.84245318 16.99670678 11.68292111] 	[11.51629  15.976485 11.96648 ]
Site 70	[10.88690542  6.4377753  13.01113127] 	[10.73057  7.43497 12.55883]
Site 71	[13.17064284  6.90005203 13.06599024] 	[12.906205  7.82748  12.523635]
Site 72	[12.20619439  6.38399782 12.41725337] 	[11.89739   7.34282  11.959705]
Site 73	[ 7.85926472 16.93762329 12.97372438] 	[ 8.36631  15.963475 12.83636 ]
Site 74	[10.43556788 17.23524233 11.54415693] 	[10.25604 16.1709  11.79191]
Site 75	[ 8.75175413 17.56879438 11.88697162] 	[ 8.948545 16.48078  11.859465]
Site 76	[ 8.153293    6.84926942 12.54555048] 	[ 8.723115  7.73637  12.21122 ]
Site 77	[ 9.6275924   5.49927639 11.22635304] 	[ 9.83788   6.503025 10.81182 ]
Site 78	[ 8.41171051  6.20813652 11.19578664] 	[ 8.82642   7.221115 11.030905]
Site 79	[10.92206023  5.84237817 11.62790956] 	[10.88027   6.92055  11.381105]
Site 80	[ 6.28350886 15.3424371  11.28958128] 	[ 7.156735 14.738595 11.60071 ]
Site 81	[ 7.07369647 16.74096006 11.78586493] 	[ 7.771745 15.883785 11.748505]
Site 82	[ 5.6298381  14.67319327 12.58812144] 	[ 6.627895 14.194815 12.58618 ]
Site 83	[ 6.15082549  8.92022195 12.67057917] 	[ 7.059035  9.50368  12.42994 ]
Site 84	[ 5.27661862 11.00896338 11.17377605] 	[ 6.378615 11.10371  11.211515]
Site 85	[ 5.15704876  9.61539738 11.79209216] 	[ 6.2       9.77614  11.461545]
Site 86	[ 5.13340986 11.64360514 12.53276667] 	[ 6.225785 11.785235 12.432315]
Site 87	[ 7.14913021  7.12939122 11.55719917] 	[ 7.836085  7.944785 11.261895]
Site 88	[ 6.20094965  7.93653068 11.84564705] 	[ 6.873745  8.7325   11.473815]
Site 89	[13.70638491 14.52222378 11.82161671] 	[13.24245  13.518035 11.830625]
Site 90	[13.18681378 15.06131124 11.35518144] 	[12.597875 14.20209  10.98501 ]
Site 91	[13.44907051 13.50380331 10.75830974] 	[12.533645 12.923725 10.997725]
Site 92	[12.41890093 15.57953905 11.48612619] 	[11.545605 14.908875 11.37864 ]
Site 93	[14.7999863   7.3311443  10.48964481] 	[13.95085   8.01167  10.687575]
Site 94	[15.39198882  8.87284846 11.59321098] 	[14.303945  9.075495 11.586635]
Site 95	[13.52444911  6.31135979 11.36948579] 	[13.055905  7.31306  11.34591 ]
Site 96	[10.74057743 12.21734997  4.84608269] 	[10.81011  12.151405  5.94801 ]
Site 97	[12.58988809 12.01740408  5.20940588] 	[12.08801  12.001305  6.19507 ]
Site 98	[10.10457502 13.84051913  5.57782735] 	[10.431095 13.267655  6.46606 ]
Site 99	[13.22728906 13.46935777  6.15028033] 	[12.49002  13.023895  6.844455]
Site 100	[11.72252805 14.74959906  6.42734957] 	[11.47502  13.841855  7.00884 ]
Site 101	[11.51692582 10.97069462  5.09893047] 	[11.31186 11.01346  6.18548]
Site 102	[ 9.13132599 10.1911348   4.92241009] 	[ 9.265495 10.17832   6.02023 ]
Site 103	[10.54562553  9.77724957  5.11835064] 	[10.50101  10.003575  6.2003  ]
Site 104	[ 9.37171277 12.64920218  5.45280307] 	[ 9.654945 12.27981   6.45647 ]
Site 105	[ 8.38051613 11.37209658  5.51768214] 	[ 8.85441  11.262605  6.51179 ]
Site 106	[12.08208157  9.59490664  5.41518627] 	[11.77891   9.853475  6.44736 ]
Site 107	[13.53981116  9.6675878   5.75170081] 	[13.00243   9.714525  6.717335]
Site 108	[13.71468499 12.11343019  6.2759947 ] 	[12.99177  11.88595   7.081925]
Site 109	[14.27446307 10.65873994  6.64162463] 	[13.457155 10.677005  7.38757 ]
Site 110	[9.80205376 8.50583326 5.30439977] 	[9.732545 9.018335 6.28211 ]
Site 111	[ 7.36750104 10.38246537  5.75922093] 	[ 8.085945 10.277365  6.5936  ]
Site 112	[8.51639437 7.53943964 6.30186841] 	[8.842865 8.36265  6.96445 ]
Site 113	[6.98558072 8.69001594 6.64816687] 	[7.834425 9.15327  7.185225]
Site 114	[12.34659811  8.18833287  5.76634609] 	[12.19158   8.70464   6.732155]
Site 115	[9.99538358 7.44845132 6.32565346] 	[10.07838   8.187905  7.14452 ]
Site 116	[11.53400399  7.25397916  6.59583355] 	[11.349635  8.023265  7.369205]
Site 117	[14.84129423  9.43027458  7.15271863] 	[13.869825  9.52817   7.672365]
Site 118	[12.89270423  6.97820408  7.09120793] 	[12.573155  7.884315  7.63918 ]
Site 119	[14.47645724  7.72973954  7.99544368] 	[13.62604   8.395655  8.23372 ]
Site 120	[ 7.99855742 12.70265831  6.08527594] 	[ 8.475395 12.378855  7.02984 ]
Site 121	[10.30286745 14.74653858  6.72855187] 	[10.319855 13.97026   7.5173  ]
Site 122	[ 7.74643023 14.00858378  6.64133336] 	[ 8.140755 13.4768    7.527565]
Site 123	[ 8.88118524 14.96532456  7.40713502] 	[ 9.17895 14.09263  8.01797]
Site 124	[ 6.6055055  12.60496144  6.76895025] 	[ 7.34022  12.459595  7.582885]
Site 125	[ 6.57679171 10.0630854   6.98537946] 	[ 7.42334  10.237555  7.676785]
Site 126	[ 6.01122579 11.53157149  8.09128394] 	[ 7.0234   11.510875  8.54526 ]
Site 127	[12.86945476 14.46762994  7.23592054] 	[12.37878  13.7265    7.895695]
Site 128	[14.76949356 11.89886925  7.43924162] 	[13.859165 11.699595  8.036955]
Site 129	[14.00650243 14.33970471  8.42328265] 	[13.233645 13.63815   8.790275]
Site 130	[14.25016328 12.37802387  9.03610142] 	[13.169415 12.359785  8.80299 ]
Site 131	[10.05704178 15.57981579  7.95870494] 	[10.222875 14.66683   8.56075 ]
Site 132	[12.79487753 15.27482012  8.48460818] 	[12.218645 14.45611   8.95466 ]
Site 133	[11.41148728 16.15090813  8.9113652 ] 	[11.166375 15.162895  9.34829 ]
Site 134	[15.05516315  8.97213581  8.54822388] 	[14.080765  9.358135  8.903955]
Site 135	[14.45997973 11.87742617  9.22174579] 	[13.6348   11.15084   9.108635]
Site 136	[15.53086129 10.29265547  9.71449408] 	[14.43386  10.42196   9.803015]
Site 137	[10.46151217  6.47926442  7.39184504] 	[10.459955  7.36758   8.051545]
Site 138	[7.52566576 7.65197296 7.45939655] 	[8.18026  8.32284  8.047635]
Site 139	[9.2808163  5.89045823 8.1222754 ] 	[9.575505 6.762785 8.735135]
Site 140	[7.988748   6.60659829 8.59541167] 	[8.564045 7.480875 8.95422 ]
Site 141	[ 7.75695916 15.09111314  8.02368588] 	[ 8.043775 14.17337   8.571015]
Site 142	[ 5.62647737 12.65066433  8.73370225] 	[ 6.68876  12.60882   9.042985]
Site 143	[ 6.1939776  14.50610856  9.16515529] 	[ 7.06477  13.834125  9.278315]
Site 144	[13.40230666  6.87601598  8.49674739] 	[12.784095  7.71428   8.87077 ]
Site 145	[11.09631393  5.65105455  8.44557141] 	[10.84676   6.598145  8.95982 ]
Site 146	[12.30305118  6.00998185  9.32642083] 	[11.88915   7.01567   9.529105]
Site 147	[ 5.74692179 10.35312699  8.71379429] 	[ 6.77188  10.38678   9.136885]
Site 148	[6.82866346 7.52952316 8.79353153] 	[7.555605 8.271495 9.174995]
Site 149	[5.71090456 8.59455767 8.90825879] 	[6.593265 9.05921  9.386915]
Site 150	[ 9.98099331 16.24431097  9.29844173] 	[10.02547  15.285265  9.84896 ]
Site 151	[ 7.48140333 15.22278975  9.27904503] 	[ 8.102965 14.449955  9.76872 ]
Site 152	[ 8.47748802 16.32833894  9.1245628 ] 	[ 8.717975 15.595145  9.916515]
Site 153	[14.63488348 14.25584236 10.45883279] 	[13.718085 13.683705 10.694855]
Site 154	[14.48704647 12.43261989  9.98142938] 	[13.653855 12.40534  10.70757 ]
Site 155	[15.55282062 11.7608308  11.31259455] 	[14.452915 11.67646  11.40195 ]
Site 156	[15.25721551  9.00395873 10.28265021] 	[14.190075  9.289445 10.36437 ]
Site 157	[13.53864951  6.60930373  9.96066247] 	[12.942035  7.52701  10.123645]
Site 158	[ 5.74552398 13.24951228  9.94588092] 	[ 6.74795  12.885405 10.24069 ]
Site 159	[ 5.13773753 10.413038    9.93193288] 	[ 6.193325 10.33253  10.25539 ]
Site 160	[ 5.1372914  12.46314626 11.02306001] 	[ 6.21911  12.341625 11.22616 ]
Site 161	[14.04585954 13.03485242  9.47922809] 	[13.00928  13.089395  9.861955]
Site 162	[12.52288329 16.00456389  9.91395021] 	[12.02124  15.074545 10.24287 ]
Site 163	[14.60599548 11.49018738 10.00808709] 	[13.74411 11.08215 10.56905]
Site 164	[ 9.88602147 17.11725964 10.35494648] 	[ 9.661475 16.09121  10.704055]
Site 165	[8.29654103 5.82976669 9.72771595] 	[8.95085  6.71144  9.862495]
Site 166	[11.39840197  5.37773449 10.24812195] 	[11.0047    6.410875 10.212695]
Site 167	[ 6.26245253  7.3889722  10.12920289] 	[ 6.97705   8.217245 10.2935  ]
Site 168	[ 6.84488992 15.78593267 10.24457751] 	[ 7.73897  15.2559   10.623815]
Site 169	[ 5.63483626 14.0588254  11.21797197] 	[ 6.59512 13.56693 11.46149]
--------------------------------------------------------------
The following sites are binding sites for three-fold sites.
Site			Binding Position						Surface Position
Site 1	[11.16469401 11.52343911 18.0585016 ] 	[10.75094333 11.81033667 17.08049333]
Site 2	[10.77344637 13.63365385 18.03202122] 	[10.50442333 13.19215    17.06109333]
Site 3	[ 9.30710728 10.51087288 17.747389  ] 	[ 9.53348667 11.13846333 16.87281333]
Site 4	[ 8.72741277 13.90220988 17.73286701] 	[ 9.13739    13.36978667 16.86198   ]
Site 5	[ 7.80632315 11.97427164 17.56158063] 	[ 8.53651333 12.11102    16.75033333]
Site 6	[12.37972659 11.0252438  17.37831541] 	[11.94465333 11.32091667 16.41224667]
Site 7	[11.75490711 14.55541887 17.28733812] 	[11.44330667 14.07442333 16.34843   ]
Site 8	[13.54404452 11.9865809  17.10839525] 	[13.06964333 12.25060667 16.15171667]
Site 9	[13.14787815 14.09616623 17.04245819] 	[12.81481667 13.6223     16.1073    ]
Site 10	[ 9.28876702  9.10241558 16.52943727] 	[ 9.51697     9.85761667 15.76289   ]
Site 11	[12.43741033  9.61641839 16.91348077] 	[12.00173     9.92175333 15.95069667]
Site 12	[10.48160408  8.41619285 16.28617851] 	[10.79150333  9.13032667 15.50902   ]
Site 13	[ 8.28153706 15.01144564 16.79933062] 	[ 8.70740333 14.44190667 15.96012667]
Site 14	[11.29089766 15.874181   16.73411242] 	[10.99204667 15.35800333 15.80985667]
Site 15	[ 9.23642686 16.16381702 16.44589949] 	[ 9.62317667 15.54785    15.62066667]
Site 16	[ 6.7348348  11.78146451 16.52674965] 	[ 7.49384    11.92300667 15.74324667]
Site 17	[ 6.9414859  14.91804818 16.1540848 ] 	[ 7.3966     14.35011667 15.32926667]
Site 18	[ 6.00224378 12.98507376 15.99083624] 	[ 6.78391333 13.08998333 15.22403333]
Site 19	[ 8.09276608  8.75227849 15.9035666 ] 	[ 8.24028     9.49066333 15.10167667]
Site 20	[ 6.44978915 10.41650672 15.97775819] 	[ 7.21412333 10.58349667 15.20451333]
Site 21	[14.87418909 11.51849777 15.52833489] 	[13.95319    11.94062667 15.09988667]
Site 22	[14.22642821 14.9227888  15.41023645] 	[13.51852333 14.16825333 15.03667667]
Site 23	[15.3092548  13.35347817 14.46765583] 	[14.23420333 13.12645333 14.41546333]
Site 24	[13.81166675  9.17206986 15.38195209] 	[12.92616667  9.64326667 14.93044   ]
Site 25	[14.67359372 10.31007734 14.76845831] 	[13.75263667 10.73245    14.34016   ]
Site 26	[12.32939128 16.72011038 15.04916996] 	[11.66582333 15.90975333 14.71301667]
Site 27	[13.49496439 15.9758033  14.51201464] 	[12.82079    15.17212667 14.18096667]
Site 28	[11.01221495  7.24647307 14.6649451 ] 	[11.11345333  8.29242333 14.33977   ]
Site 29	[13.17749779  7.8335741  14.21722647] 	[12.45536333  8.65031667 14.07075667]
Site 30	[ 8.96915025 17.19661112 14.59809238] 	[ 9.45678667 16.22921    14.40744667]
Site 31	[10.89541582 17.526749   13.73523175] 	[10.71498667 16.44618667 13.83438   ]
Site 32	[ 7.77829931  7.705616   14.10274819] 	[ 8.07132333  8.73064667 13.83173333]
Site 33	[10.39613109  6.83834345 13.73900627] 	[10.33018667  7.77725    13.16970333]
Site 34	[ 8.48003362  7.12688734 13.41051492] 	[ 8.99188333  7.97818333 12.93796333]
Site 35	[ 6.62648144 15.95961763 14.3568839 ] 	[ 7.19613    15.04273667 14.14515333]
Site 36	[ 7.83614234 16.77718967 13.74020862] 	[ 8.34054333 15.81588667 13.56279333]
Site 37	[ 5.12371164 12.85368765 14.04825165] 	[ 6.20903333 13.00149333 13.94710667]
Site 38	[ 5.52780122 10.30041239 14.07150622] 	[ 6.59600333 10.51924    13.92639   ]
Site 39	[ 5.21500095 11.6291075  13.29321825] 	[ 6.30084    11.77026    13.18819667]
Site 40	[ 5.49994174 14.69727015 13.04351756] 	[ 6.45522    14.21021667 13.28892   ]
Site 41	[ 6.1040335   8.83112533 13.0673732 ] 	[ 7.02328     9.42581667 13.17380667]
Site 42	[15.37867444 13.29977533 13.00771986] 	[14.30282    13.07299667 12.97442333]
Site 43	[15.18908431 10.13549147 13.11741134] 	[14.21366 10.57151 12.85581]
Site 44	[15.57890343 11.80597434 12.12691648] 	[14.48283    11.72623    12.17449667]
Site 45	[13.30817574 15.33061233 12.21405491] 	[12.72966333 14.86721    13.02681667]
Site 46	[13.77472229 14.72040211 11.89078638] 	[13.49601333 13.80988    12.44148667]
Site 47	[13.5262722   7.7506686  13.67062243] 	[13.12252     8.39681667 12.87722667]
Site 48	[15.07409459  9.13977512 12.65528073] 	[14.05434667  9.22882667 12.25256   ]
Site 49	[11.05417714 17.22767901 12.05789612] 	[10.85856333 16.17114667 12.29342667]
Site 50	[12.69025604 15.59843272 11.57849977] 	[11.71827333 15.32979667 12.01791333]
Site 51	[11.32342689  6.24199101 12.41889165] 	[11.16941     7.23278    11.96654667]
Site 52	[12.83559247  6.51632731 12.39774527] 	[12.61983333  7.49445333 11.94308333]
Site 53	[ 7.85795598 17.0651054  12.35369018] 	[ 8.3622     16.10934667 12.14811   ]
Site 54	[ 9.86095505 17.30107498 11.2440512 ] 	[ 9.62202 16.24763 11.45181]
Site 55	[ 7.89587342  6.7524954  11.83665337] 	[ 8.46187333  7.63409    11.50134   ]
Site 56	[ 8.64536757  5.92347723 10.89632683] 	[ 9.20505     6.81186    10.56840667]
Site 57	[10.7265283   5.61897252 11.25103227] 	[10.57428333  6.61148333 10.80187333]
Site 58	[ 6.63119931 15.82412098 11.05464301] 	[ 7.55581667 15.29276    11.32434333]
Site 59	[ 5.83763097 14.65383774 11.63872978] 	[ 6.79325    14.16678    11.88279333]
Site 60	[ 5.9143771   8.82983805 12.35221436] 	[ 6.71092667  9.33744    11.78843333]
Site 61	[ 5.17214824 10.56525764 11.0564839 ] 	[ 6.25731333 10.40412667 10.97615   ]
Site 62	[ 5.18497423 11.60382883 11.56491958] 	[ 6.27450333 11.74352333 11.62333   ]
Site 63	[ 6.60401598  7.44976709 11.32540446] 	[ 7.22896     8.29817667 11.00973667]
Site 64	[13.69718834 14.71153026 11.51695518] 	[13.18613667 13.80127667 11.17016333]
Site 65	[13.32625658 13.75232839 10.44977098] 	[13.14331667 12.94903333 11.17864   ]
Site 66	[13.72972055 13.35818058 11.0335856 ] 	[12.7136     13.40507    10.61489667]
Site 67	[12.72503713 15.50668956 11.26298636] 	[12.05490667 14.72850333 10.86884   ]
Site 68	[15.2136907   8.55722909 10.73913983] 	[14.14829     8.79220333 10.87952667]
Site 69	[13.87822507  6.69606613 10.50544223] 	[13.31626333  7.61724667 10.71904333]
Site 70	[11.59457649 11.58221982  5.03533698] 	[11.40332667 11.72205667  6.10952   ]
Site 71	[ 9.90455356 12.88545998  5.31408268] 	[10.29871667 12.56629     6.29018   ]
Site 72	[13.29488415 12.48476453  5.9443734 ] 	[12.52326667 12.30371667  6.70715   ]
Site 73	[10.57020835 14.58809159  6.38115206] 	[10.74199    13.69325667  6.9974    ]
Site 74	[12.68775096 14.33823229  6.77062475] 	[12.11460667 13.53075     7.24966333]
Site 75	[11.3847988  10.12387485  5.20665072] 	[11.19726    10.29017     6.27771333]
Site 76	[9.96282333 9.5428536  5.0919824 ] 	[9.83301667 9.73341    6.16754667]
Site 77	[ 8.28734372 10.84176931  5.40722635] 	[ 8.73528333 10.57276333  6.37520667]
Site 78	[ 8.55200918 12.26998683  5.70370249] 	[ 8.99491667 11.97375667  6.66603333]
Site 79	[12.53760257  9.23735839  5.56946158] 	[12.32430667  9.42421333  6.63228333]
Site 80	[14.26404    10.08887419  6.536079  ] 	[13.44313667  9.97323333  7.25909   ]
Site 81	[14.25713214 11.55501101  6.78257228] 	[13.43603 11.42085  7.50215]
Site 82	[9.55034196 7.73040894 6.03423136] 	[9.55126333 8.52296333 6.79702667]
Site 83	[6.84780716 9.79592397 6.57743792] 	[7.78123667 9.88939667 7.15187   ]
Site 84	[7.60635178 7.86991253 6.95613372] 	[8.28585    8.61292    7.39910333]
Site 85	[12.11375975  7.40619114  6.49341244] 	[12.03812333  8.20407333  7.24684667]
Site 86	[10.65587194  7.04956935  6.77800098] 	[10.62932333  7.85958333  7.52175667]
Site 87	[14.8844679   8.76353588  8.04873319] 	[13.85887667  9.09398667  8.27001333]
Site 88	[13.56455366  7.08436882  8.02409366] 	[12.99443     7.99808333  8.24789   ]
Site 89	[ 7.53909929 13.07083001  6.42024447] 	[ 7.98545667 12.77175     7.38009667]
Site 90	[ 9.73378562 15.13915955  7.41780283] 	[ 9.90722667 14.24324     8.03200667]
Site 91	[ 8.21934253 14.79777367  7.42719693] 	[ 8.45449333 13.91426667  8.03885   ]
Site 92	[ 6.01369749 12.08518562  7.95355172] 	[ 7.01746    12.19309667  8.39037667]
Site 93	[ 6.06797193 10.70117642  8.00569414] 	[ 7.07287333 10.71173667  8.45297667]
Site 94	[13.18680262 14.7501898   8.07601259] 	[12.61035667 13.94025333  8.54687667]
Site 95	[14.46141024 12.19293374  9.07299868] 	[13.55446    11.73674     8.64952667]
Site 96	[14.21795208 12.97680482  9.35116974] 	[13.13744667 13.02911     9.15174   ]
Site 97	[10.36289587 16.01853514  8.76544281] 	[10.47157333 15.03833     9.25266667]
Site 98	[12.28184152 15.81689257  9.14758322] 	[11.80208667 14.89785     9.51527333]
Site 99	[15.2961642   9.41563297  9.59811501] 	[14.2349      9.68984667  9.69044667]
Site 100	[14.68742567 11.68960271  9.80862079] 	[13.93759    10.88498333  9.8269    ]
Site 101	[10.31233519  6.07414976  7.8667291 ] 	[10.29407333  6.90950333  8.58216667]
Site 102	[7.41649048 7.26865943 8.31245956] 	[8.09997    8.02507    8.72561667]
Site 103	[8.38040891 6.19074104 8.78777083] 	[9.03013333 6.98503333 9.18395   ]
Site 104	[ 7.25680589 15.12161971  9.00595419] 	[ 7.73717    14.15248333  9.20601667]
Site 105	[ 5.78374594 13.43621469  9.49709832] 	[ 6.83382667 13.10945     9.52066333]
Site 106	[13.10336003  6.49852336  9.29903965] 	[12.53842667  7.41898667  9.50784   ]
Site 107	[11.74373382  5.71538266  9.36115031] 	[11.24687     6.67489667  9.56720667]
Site 108	[5.54227468 9.96278623 9.08936728] 	[6.51949    9.92617333 9.59306333]
Site 109	[6.34145429 7.76742022 9.21981434] 	[7.04197333 8.51598333 9.61847   ]
Site 110	[ 9.62715827 16.48223934  9.44651898] 	[ 9.46830667 15.65720667 10.15651   ]
Site 111	[ 7.50176773 15.56190308  9.37644395] 	[ 8.18663667 15.10033333 10.10301667]
Site 112	[14.31454603 13.00968835  9.73010861] 	[13.46040667 13.05948    10.42146   ]
Site 113	[14.73316004 11.85440222 10.13166816] 	[13.95029333 11.72131667 10.89285667]
Site 114	[ 5.53594354 13.29633494 10.64905631] 	[ 6.52072667 12.93132    10.97611333]
--------------------------------------------------------------
The following sites are binding sites for four-fold sites.
Site			Binding Position						Surface Position
--------------------------------------------------------------
